18029339238521653764
8874767952160236056
17628549985344538026
2965438688573317396
8325452853333594374
9647890046858324027
8592266612349962228
1916815073993501313
6904599609858161987
4089036264428283688
10891410933018606522
17545617635189176584
10908486649655574212
921353380510659208
16368551624538403616
8095884756278840234
6380334869759389514
705040671898615100
399968390783443275
18311416455999523433
6854001880831472239
11674929646879976206
17680167681450502561
10956205368955661062
996070404658138783
13282440182457896013
16783601237401841781
6630709103459382631
891233075298623205
2486899553586704532
2454068758661951411
17118015936020347841
14795647822223929081
14169204770888643442
501299715600988032
1246253339305046251
9337464624070920991
16074887764095270599
4554678035007928772
3084769859438641908
5810091365253138430
8800280203694180253
17256149369529525443
13034614163343132669
1589452435338673787
10175210945999004317
3518026570339933149
13504545276277923706
11474553836595078224
15362943234225274283
9392721963557389013
14129925395376436686
12091469127343774873
5513404115499653096
11877010079062789035
7062175268816427307
8002876558952812089
6446407396459146730
17649441047192859492
5175239860199773157
15736632945131438731
11804134281385373883
9102006427406957748
2571474501747186082
12796137707193317579
7086052027369555230
13236899828164254505
10835045110271421448
10906662669577819591
16068493982246590701
2139888365464130597
3719009149741071636
7536115890229153892
14508638907580874695
9745466740320837657
14219147484918487011
1462825683700279752
12323784282079431860
472479870133249806
6456241146928499615
12693873510733979858
3284840278869777
402759284967758712
13809041693591334458
3404923258952564792
16486568095455480126
11652604605802426458
2723493821742334631
7041665975443619041
4431507062947036757
3113402811701072954
7864379798726594655
3566916347259572577
15904483463733747718
16965326926644366620
8733391179033896815
2496744757594501818
4672591564265562964
6851020375314091861
5084837210397798482
15878659633141992420
593731478438476155
11657412154146566576
14013759686815134610
11831319566781152383
17114998845948293945
9665579721499363206
2123965984109196037
10226871864996486099
3879851549257417147
28488266963293297
18332945275931721225
4773971654918754565
8336300997693961054
17904298790869385102
3653088570842595418
8441765731113811901
10178351594605100332
14544741132026682053
8161947263200160032
10731203508251377178
10219276620500057435
4874811701051359391
11521690930938379381
1758771355306380170
13027951580537574845
12347728491997848675
11546180117247901999
4814927594685641158
7401716591641867714
6169598200979711108
13486559316282564579
7625848597910997209
9431290826109198202
7316552779859425956
9203521331015953367
12605535453525908761
15193764117224657468
5834009349027889304
14947372635445330790
10816725585834394748
12665948869053965422
11516000648048989132
466351924102798356
2917027273445232302
5526581754936956733
11263919502271864092
5608019484054877947
1839123684989290976
6257082998842919221
16246579803573163850
15736469257050737720
5131051410919517854
14304608828309957662
17835798082388653498
15429964738181800225
12491947076302136047
2648549888501903598
6871605619621863796
7782914686387056955
13304641899601154501
11702032981282383895
5599996428987952017
7612393331326912125
15883935001661086777
7110309210112981195
17138592991685445007
16119371266773359527
14522682467602963659
2530912488928927700
7500549394595977733
2056680676824125661
16405860379251647654
7585342121958434629
8006734937043533726
14699260842002549758
1650226050487308515
13061896014389284702
15814608264534369633
16652135489600079490
12742193186019993616
6110173331644165657
2550789888792120541
15745412500471661433
11864100316865814269
225491106071302455
17994923807054981567
13528290643394774414
8848599414822094994
8953527330062412736
10746271335332316094
3671582316234406945
11464216195336406919
11809653342401316527
6693194099829504877
11413138831510396443
7435257593660016624
15991338555338602653
881982796471007322
7105911982931732624
984972339969270126
7586612678277512000
5070520406286412431
17810694775252778194
17103280594842501534
18054980539201707270
3286766718307862837
17155569751785822061
9782286080791734857
17334064452349877127
12539818474052561051
2872358629783861488
12804439924762293526
8809287499008347961
7822706002663270234
963332457394520614
17554838878927337150
2126209280644421139
15910159594625164709
9349445431607930774
13926590471012338035
4270491188701301158
14723861749125876427
6766055552650434842
13438428526232433902
4079376825553109466
16727548574624284941
11572149038307520804
16511087127595227415
5596007279244606198
978563052424960494
17869346419730070210
974700685534930331
18294268690144460322
3030702934533605686
3747062571391051845
16348416754509869117
3151934964097733855
17657620216787858697
12002286298995721914
6693084306667335299
2291587999988320557
6910681234329575153
12809770492252775528
5769275023378381148
6301910689148011920
1794414693847489753
2356915172673034220
5315634331911687888
8297192396331526839
6249469116879512105
13875405928442238682
1963296208615009023
2578207425927967478
12262403961254075784
2740544112224326844
7521744771371301533
4202463090894783615
4795294771591395376
10282242270334247753
16723283047289466108
615650766572905461
17657784922057531037
10537514260466681176
2602478205082408005
10130634175862002966
17593687594619349581
16268074667458087518
6825239119362205626
1798880237039647221
13616032592698330129
6936280260301177851
7451085641804845139
8701487176795391151
4248678817880683818
18012263893725987960
2044449690170131561
17854804337759709375
6071552367528552421
18248695817542836044
9742486394649972932
13260144144118624165
1818372638484142507
10470286513470890727
16964127259819170686
6652750891889792111
5664427696352646816
11782798368947458366
10568967542932147216
9049436060643139305
14193403674699961979
7079774246802605143
8321646859853501351
13014335534885154778
12513069848634204399
13928594252893172026
3479750842721555917
6969132313970135547
17245850698366339806
5599912363743682660
17913927325899066572
13769370946492459053
10412844897997001622
2184066829593149349
8621547524704675181
14287965042890116153
7597753387851849578
10608889846774888828
10428608205888844061
8884361537286162539
2438146654506968958
15246363941509076886
9261621300961437077
3181596611249375083
15209156771659540498
9916334268582399170
13305737787888733128
12645890088148458064
5488142631393642688
10557025897667947312
17029855830601020009
3969446199425688259
17222181032113580558
1564364962677431918
5530458229506035346
11162891197907818231
9113697300282048664
5074106176683213669
793573172129092014
12643190018891627337
13454584023704262602
14534752587893723100
7490643593781395689
3127347693541875761
4772345441451785507
16648974643713424977
9898325560965286797
14281694062561506598
16986710760843404941
11265623294489358757
12969013848006427371
4562574974872281218
16625433354254046069
7532858533043586770
6779101634493008701
3560192253863422601
15677886104259136415
17505699455367201571
7024931773167560993
4073703714050837478
12183066665444027126
13349830447433080967
11639877748709351576
14684224470905317187
6191042556234667073
3787427742701080540
14681887303337755335
10036844668361482683
1538202249165940837
8096614676734506488
1234605454388050542
6933578394563929839
13569766266660771783
14590253768722315110
16349313027955487460
7807658441319448900
765466560217979263
16432649441210720824
2693503021415279046
3415244662778540648
9576920118242750594
5465412057557533246
11172803764340958232
9942315871404422364
7205501269353061617
16897649178447195755
13490383599962447695
17660820291734779164
3523777862519827884
13490119663827795964
13882117982821192346
9652388496116953380
13371271568502512917
8667861363438843406
4726660230865843961
8426926944824669165
3810854201689023415
2786115787309805328
11208340567965085330
115006068689041955
15495049719387046917
13982710395090230967
14092828589254093706
6291744323284195760
6066124000457927423
12954925583044881892
2585055965532256170
11099962932609619015
2521155093004200426
7157166345051793313
13785443982171207068
16628723330201496506
14066156726428834585
8012292951280889703
430544904391608283
14988293015871988839
7961861087584596912
2835914829902711068
3782007651565795348
11329603877008107449
16249538948166241148
16540731022623113875
6183382191626671707
889032843056556145
1950454116145309658
6831733361564089320
9482220361493432736
12374799096612912209
752873689953042655
9043842146961863925
13952864817448569912
10996686587519094057
9990215055456477303
5639132357394375641
12112924932799193144
5284198034017394888
5555455018160444866
6486525045985379376
12656209861262698000
777142086483576446
5523927071046166532
6995947189050764112
2068585014337178474
15256163286777234531
10249423468390104051
13361422061632922277
11618651441991118422
1276042188247427348
6293186681767135333
2243504677095352192
18098409522868993640
17274307063801998704
5481864046359155073
11964984807291700438
2565058128184743209
9430763659428798718
5225019135701861444
2435106547006776037
13952970134442404281
16461726307859194739
7307101570846119743
18388020576749128576
5421088169013271429
5518100861435819020
14755010465735571786
13192939236485125013
15006745604890410305
3313883831840739141
1584704208979574718
15929003739872666849
13784399392284091836
4296201875636717453
5478586288635235967
11951326090601842509
16058242488689094899
6851454102817772903
14319058961411437838
13986074839339710081
3767300009413118093
10897663140552090447
12232770225799297707
8841971541719288934
16052898532707624257
13424426231700347768
7852747147022797999
16460281362496036500
5140342113689605268
11528018701437115045
4022302606315297543
8811039764797500796
5195651320843597744
14485927361300552960
17965503560605752974
17416024990610180037
12229532308202689096
18123928380504744431
3894826284054694029
7534332391663620159
18302968593298338838
1133825104043388952
13964002423017804828
13457551758801313644
1057396706080823498
7566138284029302646
12981026747494105730
17082661045365075575
7858191823853317981
10820979181973335962
6625976404705572957
14960531852206529667
4880179459032553736
202060290640582445
9125436038086315654
8016075496103183260
5040591079241516892
4933003061198433996
11643764198151153092
5261511402996566805
2909884972560449180
7369299367885271012
4972062132174959382
9274371252486713112
5518609401270673894
4176268648662768731
3467339373043926862
6344409454845589173
7575454268358418167
4945122302167382768
45431570881198546
16732872076047511098
16110794148065487594
14397227163268047230
18045959497347903717
14091924797739161642
5177069747621520064
9695382518973159049
12620205944146277035
10295288702143666661
3190082910105251355
3133382058963980506
5964137593874996951
3294077338693021184
12584807065142941418
14980567467958369395
13441566289462715680
5334087235864407801
6966558027148527448
15749277180775283171
11019711673450973625
3587053963340584847
1718107398721852673
10246322316733031031
3134808736454617763
1407994712439400887
5683032030562759272
2024191380629845631
9517799721963127020
14877657571117296272
3741604722147948227
199166571697404047
17646107584387472295
17457988339051185041
854510765354788670
6534978790221628839
11974632547063792945
2863930308491407848
4980311838801300355
13084902650928330689
17683294036917737940
8982386489583068173
7290800261916460510
10837918396711294707
11893012640691224285
445102535880203250
15864439094364036101
14735095767655362956
14435297619878185432
4248157400761947899
17839424495414200162
10200998224968850144
14206613815188471846
11823450148144386105
6579366191691845251
163829764649929512
5066791829325857388
15460557484259259454
16476899842658283987
7465565345506432934
3747008316703147072
5882185335862183811
17068409716869000868
17881211103595512137
3334517505960923594
8870608534826132823
11199764251880839759
3761904792142744721
6489095683529773439
7308980970884659563
4059279468746131400
2503675445016525402
12955374440049078428
8995127920267435869
13038271129421739322
16396816761824531936
3718464501760155263
18255732729604520386
1864256353396941804
16198211257385341852
3519271887359590442
18226599988801113165
2449818986052430235
16334929291641752537
16420411689591742866
351198107416310699
10576014138295304506
12433512419320450329
7617605833101208850
14643992364224630786
16020050753971318865
17410640043598773822
5963691039102126443
15051977475511755730
2462239432502874468
3509133524945598108
2793159498545567867
18176627629010928092
6222144843258831719
16574656409470005977
12169273505188999020
5223828020245652250
12357184610389209308
9917838224043355761
6916831643859285754
4558869475280367803
6061038951554295790
2296260549885967877
4974556650106651560
2180998447318147983
15243933886052943510
17555003973511259552
18064967332272261010
15476493529337250690
13921148831029901840
6012446875937640169
11923397250675370703
7559881948145846647
8840594561813825223
6273178912298672769
2368336890694151059
12157311485207668711
2260510074224534810
14491370057920415185
3541303075944391661
13958819897921581623
4116109156258960114
3238808123935032331
8015449640674233317
2668852406140528282
11543733496828198891
15325980738342161131
2432527041020204287
6764310651305201516
8192636362295675592
9215382981212528521
7198752256306442819
271128449907176264
6959748039158130941
6101913206634659857
6223577525557171022
16632506198677217119
7975131487844767728
10168475731596795755
1341241829078505395
9855330663105094830
11628800018083402085
11586131819000564675
16171600798823099542
11424574329334185654
53680819985743942
18136341293285768985
11282837095943963985
7075869273642255158
4687029027834351836
15558927167233456859
4698916827417529032
11334797125909913517
15015291563124571029
8339022996948919380
14582432893244420876
17792133460676807055
4459360053256610761
2854606400176342691
7275650319945563758
15265359196368278153
2483325857736052917
5774553537716195523
13305797203166419728
10384269158459299726
11262317906328358928
683789360318946378
2354370414904656386
4748334268337806313
16961488347537177920
2207441423044394683
12047908755573551892
12826193506345717194
12349596392408880429
8058112356206230257
7594135405234751998
9610634531737217506
5975619853257836440
18420221742356858612
2202754356448005318
9620461792340875889
16938801524815914032
391500445319061848
12390908897034489065
10883255274106171179
8632248563696219941
7285125233494353785
6361193572693808604
3272205953990899323
470501644785916932
9784137958159758851
15693420358585196684
4737785923069469023
15042127819488576459
15777009477491572431
17948319571392968076
6142027101087488955
14961202075251623548
15075474226595910313
9462420098595504760
3543981139714343052
18046661950718819400
17324677900560941421
17664624293444251832
16856375222914026020
13639904142983492600
7437445144116151533
17239951982291644595
13935045552668594349
8475231060166282226
5718918955801668089
5937879120830620045
15531596411288764482
2587380354519059820
15891660905095586309
10862178059945178637
11222206125501316185
268868391021115069
13492208562649514408
6796626630956037616
721260140712811345
8704837655650180793
906127920395803563
16692404833980043777
5940627165199315495
12903502806451600827
9380361726133094262
17206472285824456869
6770620912603630307
14414873811174533039
14062953163939146137
14951051801451436652
2953037874596950470
14721248812285430360
1054465041290843169
9251179518043006587
8037159969171918262
1450897311196436013
12685712437985753177
17781515443521103635
18378628595240281710
3959487483955210572
16969073802399912637
8853275793212361566
9334788963059912168
15163961154718239386
16560977774960387877
5930658411706011779
16071888791053925911
12427668914956618560
15679497368132862198
682101094293429086
14782587563666416432
1444449518598996371
6201823447628143702
10568192384248419479
12806784870056911544
11540653935283663472
5896709393522205982
1693798355831671753
11061075709112361912
2390302504100689496
4246511008426935306
8001201403111127010
10565823146337193614
14151731931734374902
4308298119171690702
8007150537309960064
14121447032312331806
15035937173833453448
677089066618882681
11023048975097675727
17851300155278000031
3591691166894785513
13070906319904175849
901319418655964622
16018383890295620838
5208706523685752644
7626642536982862496
18444636142349191779
9992920726167563130
2459187943754971959
13103361374967716063
9112760431808168270
17076391412404520241
5858289854627444697
14794962903311438929
9208454487216832712
2832928360419591328
9040355518832407214
5026582752448776555
5430196945602436482
7220147820478796627
9275568423270659354
914242796107174793
3437472107681779937
15122814674342649763
555164859269345433
10016423599248168490
10984982041082997806
13570812092796109957
17052724010693263418
3513141493204521676
299053442994828954
762185765731511593
2428108938364850511
11322547815729379917
8684461769871745386
12466724576707001017
8615526679113525016
6998860602585834884
10920643187403970029
12328508784418028112
18422614813112266136
226952371138046517
12164160303672841464
3400531925255312030
1632309658885486325
16681847476576938340
7617228234400825683
5055014735851843484
13399160227450928605
18437997999965019214
11440074192157700578
15845410476621587476
12124726549227434400
9832268482589583056
13385599379590311346
6670256599379447903
5083511132776528886
9376337709724702096
11596149450955585198
11099570618210899517
2933750253072623223
13090890768573114205
9786649313877963221
15820447343247305339
13506987070246016353
14964524809141328706
8669625038473645301
10558843515532198362
17932988396622504603
5060968854894258234
8699967590064863469
3324967328138142441
3181726570551780861
5622196458177292958
2588286499122512433
14391570287825100121
10682430820522281707
11353848445166845914
17443317120003337217
14365698291563846004
6566304369560676478
666476723013453701
5617322628315592120
6067753346686227814
6556459358964862652
15865071196383045425
538432909992736100
1265297521709942532
3660916068994211020
373275944759770305
4496882247098656376
1233492348748840666
4965470416166369905
9997706826535132228
16658395245568382291
4867773017397533070
3932283754601598495
1596213118980200994
15302009046112841190
17680526387024678418
2278198319569420925
13983164291354030855
3561829845359466907
7303588540600321794
13042549346218475462
1442582371983501295
12117634299581506884
11131668745119238079
6077203644793985578
7459405124118120456
17324330429103695528
8222604104928428247
17199310788052276577
3766676900699159761
11565421249630931091
13533617810542976831
3407318868065755463
18368232226243954247
11154573981085620723
8380914480982662565
12348250969149501959
4593765999759999558
3550520680523980182
12069623054241996964
6948540888302671944
7240266257159648483
9384833119571055321
4352075893442322486
16187173104569356460
9267471668741535771
2686265542408660878
4800752960064726296
6167144957674972871
627622272330336883
15134466129209400412
9357319563181986572
8705139595498036370
3812236035233930005
17185965719307110233
10598339346024680088
11065724233251104203
11174320613769927314
4381410847738236996
1745297302609065179
256920453179849135
3103177256297562763
15332848876308869486
12842086194040271616
3477786320121808890
16956299771858597338
12974416587078670667
4905835006051589255
6042077520288076493
9484258412089900755
1722701203902782764
5460265835550836127
6560137286837579725
16584163793768631297
9338040070891282276
16605867845286506774
4548222386382107297
16314012077303637674
7474478305188757359
13392300211550616551
12845410158521314631
16043212091323836649
11720698027358725316
831186664254085996
14502479218030407399
15852087759291795257
12675449186369730487
11979737814578902413
8509579543685494045
6838873588674060356
12047927265258108701
10309582853991736998
1750084578686532501
18309398214882596224
5042091081696665881
10090322671861942375
4455685328833880813
5623784161596565494
7938700023368401516
8919250082641819408
17659482290052076880
16000760276390315205
3469560173092931237
12561011005229657716
17379122859190739025
11115576140433252817
10982969848538704347
1417718164776958881
16960768925449050272
8576822343486174711
14568970104324906922
12230308494789727066
17863699251031204781
4560542282024458717
17761183525893783648
15782599115643862360
14519900719730753115
15691014418627806370
9884438069659173435
924917932647771419
