15794958910470151336
6942284478600096388
10524034313507270061
14125964327283208991
2958539108844474554
8348499985719627706
10270193491606910600
3119922458757021897
13114952362629969155
14084937175885195900
18216128741097508761
11107890237361648631
13834214398592871037
30223590341019627
12999203290934520758
5626528028013791449
2950251514439409313
15464319762082366023
14830935759412337967
16632980925392525529
9937669489420260438
6633982820064721125
6395818154531964565
8596580864516886622
2577748690412235523
18897786288675902
10754548084071786101
14537787776669006517
667921297235537999
13009361046539932415
210801465293562796
2296502514885001840
6148771667408222239
13235623549814599121
4142080751862310335
10076455969446458741
16240037671173697206
1041797777050641829
7563877438421618072
12333293274853493067
10109642746854087054
5800730597687642612
4828445065813376564
1855026144115787638
17769306247410320740
16079103825619700606
14091876046791212616
10701468266406938719
7599291924151353344
858245582338976133
1586206243936547124
2427520331376600238
194682647117538326
17338282274755116281
11580781385125097437
8494458128631874537
16057516324928734874
8779176605095917189
6172448280323523780
13658848893991489908
11583802266825684911
17816542791227253489
5211763033861818498
16897418146855262375
3884199323522110114
5130071218573646313
12520572882432392325
10419700749263567517
12046920738399472177
11331530037245492440
18183172321065354203
834116912012426951
6214825628820485941
7808402570837983090
9383644031011124436
7396409311045620653
724114500694744095
15557583479578759265
1246131457965702354
3396291398212458661
16502946724759159910
9907564331243064131
6672210350824483931
3960000800718880933
8220444377506390537
4401446975892687204
17887904380382066971
13461507022291114300
11351259875609152854
4537626874168045561
17143776252082059530
2525972553912228141
7240592570221082224
9769696316238121136
14078425674866510698
11275963650964850678
14585231442413584139
17222670239299110331
1163677828309816410
5033656644519114740
8529708566313431354
4879207105178652212
12670165715719665481
17091266792993157272
2355416396818152435
8768047435841471462
4356571054235606263
17247582246878893958
13123688600907561877
7090676192654125518
4092089050389290906
13575449589817438599
283879488842074533
15486845706589757248
11826396230740572025
8296805640814928630
6903450931951837857
11342180076946281323
5798917878247441539
1782250415750505158
15176803954029778141
12553762638158020118
16613847156998988739
14091705919655953866
859488532903146033
4487747658574959924
8159885536737659420
12367517397299076278
8549568936050116727
13153418350368642740
17559272362295117627
4149337766193824946
8048018328503330819
2467820167011552261
8672657125005285430
5082094065876613737
9326266677751242540
15762788363493499429
17277587296153890213
2304655135111647616
15374482815038903819
10841557007716653428
6012233465235753574
2155232808296175204
12541353630532345381
6927935509670605408
575839011497856869
14529437783710655718
9458296506331626078
9018056329567095908
12199097990595559476
8454437861128569846
653300582499271050
1044321008367385924
13679554943316595221
8656666199407900372
12326450870835606071
16627811699288469725
407308764061654242
5294933992754914530
11391994382049012148
6730630954914574188
12624823945476339987
12123790907965376247
15522528615993591956
290386075814018438
15754372989799929988
4325032034384742090
8064130160924549893
12361589078228271778
365058490220114446
12685295262671457542
8275329338271053028
3616845101464218507
14923971246685423874
13058161045929009031
8704286927064693139
10349769717211308019
7446154653374197287
2466838658354890894
17017910924247814694
15732743943245946122
8755305566839696850
13898602007185616316
10791373267927012692
7989874970210809607
5424509695755825450
10729888537407206327
4706233876791753544
10409024473098949299
15568460762914281362
17092955987282089801
2761577504442901565
287483355731002455
224105564125706027
4672265075100754749
9613986041820679464
16954605424151849239
4511933150951838668
17699393409020876778
15234669541836430535
4529448981243914367
12981289494699629946
7544277286446958197
16139202585189096840
5600944377370277791
552232849023732646
17189358942972398751
10057641781950006081
6346831736547614555
16059490291517614684
9474699361648065839
8184737440739496360
972823561126645453
16915161615717718220
15016891059767650863
17351152611433414003
13181858907526653121
4242406713127971125
2982958477527594039
377562001313301488
2385576151115143999
7806575327968644234
9752042771339090519
14383383122712195572
735818682370106293
11441767338734171459
4304958524725721567
1580955726351044059
7979233527253945290
10617531993052661387
2682872965067280641
11170381222244157003
18105531026558464777
16694226743104834309
10502931294463656588
4779611105178678227
8204456585196950492
13124873918926348678
6618477999661966455
646948879659546144
16788256455486936743
14318099480050557355
18299013700315223055
11531786683229553583
6236180188736473444
3247244656945232023
582200048602711041
3483946873692202956
954213067209060226
10666104956466102418
15638266864798159223
1173094017912018135
13308898055132291128
2075398541893617700
5995747353273907956
5131868094631158444
11898690831780357701
15162343161240874670
8007036358551471624
14746468524063104704
1175488159234449622
5124965239269026861
11838578813363161700
10569619465716564741
13687790535131558183
8662690332412557647
1260832758166386659
16492396070913549496
15367098947760150459
10809089908990061282
9386162409504203953
7912640586176969169
2939211204142698082
16416751677130744844
4129858443270457387
2059379525754197683
16045565437091323087
13489215864358199451
6099955174840464236
15594864466019339595
10213500932814846810
4808359665614539826
12013224012442109420
17777575442591862216
17301797171905561130
5643031044729318539
18274448303983688194
45033535604145444
7458599629110384114
13421508388365420191
10270785380690489993
14161788305710132145
16174006249469475155
16965936739577417410
4536184228739620133
5924453942535522098
8509268908044785284
11883958521177608211
7125239880684167241
4583700171984797627
14472780176175616025
7896964074057081260
15263614798253151246
16821012848791674099
9634715402045346299
8266641432374875177
18212155345511976164
11457824707893991272
3584949837383020208
14036592635328328300
11045113333518203669
8347011008158981060
4418232614543671930
9876502681727533496
2473847706250130828
5005559639077264698
12136889535507523020
12943501937694326513
17177559136072767020
15708325867610331311
2514924078556250280
2805974547008161880
6808553847083494951
8346157260990017330
13265177737151097172
12041207946744390816
14202387203796432042
1570883153027267159
9837921004615047884
3400939568870324680
17440381894101988127
9815100527362759927
4628800575630207098
3671971744791123551
9369865788649544614
9128320300220335653
17955592751438889505
11196674904785301195
6640356303655698504
6008685640418551362
16599336214225839490
5501655897450705350
3086549085014106886
16174257043729940090
10721488376045380063
16807118099129451646
3454903102857600625
3694348639129774989
7016503744756549763
6716422561625993160
6399070539226964761
10995768439903323178
13679627257853888129
17496255906890940971
1140520615261497017
10007281986258726582
15323497323263384432
46490034191635228
9492691712086340578
13168488323361884956
18175305095771597059
10950651851002096173
6013769165938993555
15891479073700905612
12150496302677744498
8489362837424378588
7675436635012569590
3457930845683859109
10815024813520347079
2558100492079237032
18408464334694823088
13057525627693005994
13296545587461517833
6660421516856587501
5864496574263317889
190921848395692057
13869634299909094718
5303427551876007824
10035351464070433587
14902638425217751893
15122133832038753045
471491475717681955
8986582146777094787
18154822406501575985
2823897682030825233
11508910397213355028
15193766355397628245
16896950292734881974
7549557725564092124
12970558464850252035
16347165693563362161
6901963442539351817
10927527938488003955
6601720979013075507
4243126742846583646
17896001874739803699
395852936673672178
15374244889567591110
9364453125553320042
9381220725108115685
6182667889064600674
607824994091177571
863091059656791626
15447301377656985077
7030652117879091793
155110041916516735
13193996864143326973
13344794591068149378
8863563997878598542
6367190354237674978
16505463111892319745
3867340751702700138
7941794546075342419
17292118591182951360
2899617466253187074
7211225188530250439
10859828654968948304
17883767725780215857
9030345068220325648
12217990359291869746
14370244596619843768
15121905638085908674
2051809017255587855
9147742643443214599
3740544327773038344
9673612305270721971
13065867477421116627
4719960384763955742
1746698949366674401
3695579277897852450
16244150862913113639
11964383352771461665
3123507933930103775
13861091613576192298
6895234219210049892
7626548128849742833
3617848298957214969
10696201693535854559
5389969611270286499
2282102056164176350
16322974531788841070
3189399816830897074
686346462819850923
9469958701237631165
15421151192230362992
4572466770713831005
10342604789047060362
14618505152056153888
14193988192455632988
1289743721609119830
6612702563663354577
11723836929802803740
8637964832598488238
4943057320108026447
12753541953836389941
18379783423764299016
1825275987363380578
17548768108138816949
11936100360055984399
668383803406175158
16348993426727178093
11510896955757899850
2353123185406414113
757949557844795009
13810399825415624261
8210501595045467505
1473850586966198969
17681065067810608790
6033591007714978981
1046554131210622780
4350953084597480672
11740034658559711423
5028213874069474572
7483408649669481678
14158781099365554640
16371013724965989174
4491192139261015056
7921760142931538665
10595354865783783730
12909075595442066206
16852600404871431876
10753818340293730483
17440059700781446170
588892801090989053
4761247223344195554
5176262205287761380
16733447741994947338
259318063802210576
6756140145125637850
5268194801012674174
1454620892670582559
13189150338160923189
7618434449713118685
2025380548398457958
17927925818904206179
10588005878616602663
2731068898778238415
2399225858554994575
14746519490922950319
8718566240939683404
1538371675480249569
12643158755742173602
10658923889161445610
6165104455098241196
1022397184253295052
11516385044176785319
15633886695436738835
16509637069743949163
5636714374838187067
13846107477519185314
3948919032444281125
14091876570184259739
13883858344999279245
3945256740531449903
9133946009488927866
4526105616651273038
17588604267898548098
10654725049025744200
1810466544297838261
5684575955926565117
16825536655248419794
16675345954416284999
11785517142787519947
5261878513137442455
6686987737250990064
16039044846786781315
15277824602323783698
13499072094636309220
8735119869165315373
7640670641548479119
14878935745502713776
9692018061580447162
9994577141186133743
7724552905876555192
13344392318847765093
18334864859064582677
10072918379734379194
15276947042521268437
6865916359167253113
8386909369548558235
3278270551266136285
1875224287395256596
16542747362576462390
908458827393846137
16565739776772040462
1343626470176178731
3434307808347590642
8267181635313303111
4607718045247600540
14754801468625054112
9768859645471304037
9164357265535394485
4739070099904133332
12630599667812109939
2061188330461041195
13160063376461943818
5206135216076138190
1420726641369913546
11479454794742180138
3445208985090744055
7070255033616692668
6473016961100680828
2499780392740638000
14941244170323462278
4423659981310071381
5985983571332428851
6172295601375701400
14098708136444658510
17573024428806353824
316058555791164756
5226073412369484973
2816246724203309946
17454182845431267900
16412824094694421720
15345125188671675319
8649696382949772297
8504433218433276657
13697286920193899707
15335881600477759235
16689350242616716995
13139313973462022384
9635499859885628708
10360145945702032395
9341300436665912145
8609248577392072202
9715306632597023206
10769070306498598292
1865762940411472765
12876622362248319267
5481445049016862986
1582599219862315115
16343026966298834517
3147347061235904171
2551353256510499611
10585116712320342725
2899707161198734989
3710441010804053716
8844250341763181188
3175736715011252587
11731067485778144587
18185954593532549366
14700396531328895242
4976707222000828476
9094704141074610766
12847700165061811691
14804052072501696642
15999608287786976116
6091018331214530332
5363157987152950036
9567849151338134823
16039209224110487968
12738002659602112554
6973691320487613033
6689822110580223598
6203317341892946234
17251209781211526618
16367766614920703726
3595185972085007952
8019479922692932355
7235084176629804716
1146879125727009625
1238553870086284858
495595800934868010
4411523279704090812
16865384142996933813
4487693536740631685
221932426025504315
10852137757148618358
873735189613576188
9563387437276397963
12516550168473824317
8358555319122185692
11839550294721384567
10884053450020023043
8200309848673083360
11052925381632882466
11766016712624484094
17659965210981112143
11561637711287641780
3425593957354836952
5655341843708244920
6330723291438265462
15831701433527490956
17513846143502815363
6444596313015507328
8958075775958966526
5072832445249968452
14453961138530004765
14044929692491731579
5224380205386644549
8040849651183064125
4585549893375398096
18157706781393179654
15360132303715664507
13471628551662865303
7051434478794796746
7996032358135678954
12199906535578197409
16960585865727923769
7765930439431231245
12828956845486664854
11247131432650305424
11424994314364615892
11876067305356045215
1674819147695352857
9393192671288781673
10309262418643364715
891222022798930121
10749248759686516613
460876956059127108
1403995971812369768
17980695044554956727
4580867013682625336
1919816755226922514
17668667758149513695
2666116856156749631
3153390809568581920
7968545162117234982
3151120770450726305
11946716807356853345
17611365140419397035
15848606722814002457
4619998281794006055
8728189394201244769
15189616555021606015
14291615300407962501
3778597848108355275
5623334884012581496
5413422888881732498
14100767353919703753
15486611070434405948
4935099438748433550
6741688713399086617
6819418590685122379
3964319015765404856
16839596639726474993
652605735097051825
3864626581491192304
8193770371434076567
18364479357861868872
2605434009182377316
9786371091833845766
7228621355902389611
2480131938273480023
10622828927940776109
1715549571002766853
10422951616342250274
10755928033475034713
1390706177400396572
9427820830548237499
9554419575080129026
16241524771600690973
9628883048904532931
10054973518749800968
8130645588950893050
12923853386392213367
4456037628130546892
14625561921000119494
13332899821058117545
2581718846580705727
7073177170816616221
14766580904620326011
1835660261591232609
16753246780959819919
6103036123331895397
6853737305876346047
15288266170195983990
16911882351052175504
15939018335452747866
5173568467486130005
5568265940586604196
11898957515820811673
18397067036328867218
14650628495503631301
13077526071277364526
7156764238017078330
17857660059110831946
9898616821443663247
18150168946369953701
7631590450949940199
12842148022729737547
537761065259167780
15657640269998643094
12318177799305066530
472804367685870116
9199644607006785900
1282186749917655390
3085515727480772135
16639390463078955612
1560987188938326804
954903724751097577
7196357952105801432
4287054430221240428
8559510273128978514
16457810673864622407
1965229595693631191
13224446923451572192
4902473445913974155
5015317230983258393
12876986653116223040
17153404091551822871
4710077836208498805
10836684871132816947
2075106978588681653
14129307770821569067
13762941525918104746
5730550370556704230
7321004990831690492
2887341886747730593
15300569136813223549
14859372979133756221
4594305839512137476
8443818212107411136
4138007014070490187
3072631444770884287
15596520634481750715
7815844549592050838
182831677366213380
757170079617422825
14175637393258040071
3042831476439253009
11094510633333954378
6051325533513463220
6562131863927312700
13018048241288504335
17896478082193438528
9866582758437080944
11486242248585297762
7309662068036703428
12087284869295171256
10303137834818487203
18284412887024966304
10271286096599134719
17590676688810136396
5986686959560489230
11294776754606414267
3411587570968707858
16313234183042344086
14372988058239084662
291589390883276848
7892080396319378027
15045759312948478044
3597481371086559454
10845180692709176251
8468010876431588128
4336996177499601111
14900854784820237285
13899961063336016178
6844850981596934937
7391775403282805311
12831416368425764333
13645340716539076265
15385775345519437105
12579334283584287279
10609200937415280915
11710292197289346132
17022268295563530901
11926228775170950587
13492854676939378658
5535116905618437193
6222924511914695824
1938361092364255619
17767497875955191177
15360067295356553358
4519222631108997795
10878307890665863194
561422924218564262
650313735651283982
10014326486943909101
2503503140441997989
16214400006771278258
8593004556581559105
1646554515824662453
8779005901444693955
15218261534088273269
17296396060731713373
11944956700905048985
8022459495784668195
7519890067648324222
9611151577587403340
248975424030945803
7750475332286501424
13648103856736881958
2212834188161393982
17842096224425178895
5990988425339437341
8829080939957792184
5597420549042779632
14930158648624224788
17172403481152565693
3217612174424573853
699153685277366197
6507730324345702442
4340589535731341635
127706821542796070
4478341190006796474
6909995831393833222
2891428971849699149
5823869539564944224
15161176265318454961
14702162985390496168
12363405076917428239
8662150983470938496
7983505404304040858
11637146272949752659
1928083816123218709
11903447209290627987
9926194017059764815
9917840530206544
12702970123436469919
7757669538169352095
4026893866089878465
16534065842820217721
3672167752259248932
4987532135139726550
8655114469009728609
522062409497716611
10685783919371003318
7230382389802858664
1476551090119344217
10182656188859835826
15667319313799163261
5184917189835684137
5948326655157075665
7458765371300413276
14022042047052127075
16741559235012702691
13342011485420474014
4884053255654039748
8330141592481809437
13104221268186645809
18436054987558110788
12134561382291309078
8423482581041045776
10126084259978836396
12189136449927389099
14532796897790892988
15649487297799530355
2662724587705356833
6487349013726433049
6341492318306657248
2000587338782824524
10181799004498640433
3124112871649027398
2997738718869079452
10187628474585160023
2996894998835763777
8317851490023912704
13441009754937277139
4072810635930767873
18162265439977988516
12075285890942033100
7334707972621243932
9808860738400529948
14879857213397217067
17172577018167779474
9813102936201988397
1551487066149497729
15934987492754707154
11508353731641092983
2203899250946308008
6545163667306230433
14354269697736772860
16740645975700569789
15052688644240942315
4788087026434526895
7617894687991416379
3498755650675735814
18105847172292195562
16257327108450200458
4336662470048785866
8693966884146331674
2408812543870527029
14644468972083047069
1025003576125209319
3293163746660184466
5502476254019322865
5941544012192646442
10667448853983247295
4372645225737519898
15974869578008111522
11231973690170328427
368931389608375586
11912582440158816984
7831086704551738378
822379292225572926
12082891755987877946
16841786004195041306
3866652293037478338
6608910833664978163
8924134333060978344
4010691428386979941
17888275459162841671
848542412639983820
14588283660434190174
6110819592930669408
4027539962055023761
12991986757444361374
7105973909275329704
18011543062262539801
11101683059061782168
16203677066155974599
7287514944981757724
5773050551765550452
12259443248661602631
14634366611661757743
15246479428274686517
10392472606333076280
4870125230030007656
10781886777178501968
13803156223897667011
14075620534050807373
9233077522796584581
9060346037333826834
9531881318488891719
12563913917756872186
17758708118217779976
17546101970083186395
3643810450552519673
12996438415224022808
6424167557132758392
2658819359782646935
11761435452158998240
195858531935875845
16453702985263605594
9802004535806835867
1537559199654834751
6976485432076694594
10552766289013013095
15103672818686982052
18011383738100979259
18020074172191096451
5646840215648459009
11574906785360490814
4676759307005621088
16834505235810134442
14649800317716152157
15936377315519867998
17646617945446597003
8427559797536685208
1653892323801271288
1854988235924879450
16933645681811751990
14147673284345795101
2551878799227087586
5044914465347978788
2957772737937092394
4054332585041070635
15518844390992996071
895009000034118566
3851533729851949049
4506863309329653724
828706574375580393
16634053918577432611
2023589754196372914
2663077952900809927
1125503523581158206
1817303508443963465
13779880964879942631
2972775830711689905
15404908521373418771
15847526280207260993
1317277004435974412
