57243860992
960392620536758275
55552000
932007903232000
12105675798371947893
916796211200
15381288063284019252
888651424
14909096889155584
13735978863480886272
14654442389504
6053072370040570703
4611686032648713466
238594250768384000
3817504371652261213
234700053894400
8457011697855509751
6124895720718593915
3816728045493551117
17256643683144695808
3751533673975124
57244077992
960396261192630275
5739837725139249365
932011484467200
12165758954869151093
5764608439831820222
15381311117571653684
17851881895692317684
14909051053856064
12966990143009149955
15366296583077029940
6053852646228001615
16732273957472362895
9461967028863457109
16253452947375355241
6293170754580179183
8460470297302916855
16784770533801638779
16066504514951839744
13509648792948835151
14221315412
238594080471252992
960392620550747475
234699885619200
8454188508477666551
12105676025866646901
3816728620908412941
8463759035866546401
3751537460887200
63533899116138408
13735982504139665024
5739901146732249301
12574284634054286872
4671769235473380602
6780447642992572349
3817562610274537143
17851488332846422100
1060412274147079415
6364712400875207544
3816713528449280013
13508729223494501199
12109427346267232289
238594951499435944
15573820588023969127
5740072425311704693
8459932831638185207
1618328717622452597
7275480679330199475
2411028578083013550
13237192026415400718
265184092985989864
9731860546150259678
11162432105517792737
15843326754552802031
13682375382127349492
16928819957276582117
1077490200427236995
11593793824352168175
1045856460790600031
16784766902005002107
10475300094560829653
17256643686502322176
60083156497206612
5764607580281567166
960450859196481539
17851881894859220308
931996427670848
11913147830203635062
15366282845397952564
15381516384634306612
12120587925712235477
9238280778156955477
7770219361768133684
6292950709623258607
6067513072014846287
18297980053023449338
16811837769935486989
6988038509533689362
3801518822085888
8508143386593819487
6124899321640426027
8889939200823656664
11109230195186427127
60835312506416468
7275493374691883035
12489668930487714006
13266465411778454913
60252848532146920
11925943902104989686
14620993570856460127
3455997452672294243
6872264184296531585
15952772866217964968
7386300817929809885
8478274993731229839
3449033116767840591
6381461486315299212
7588469583822126936
16252526780672472425
18399598618905427354
8460469561431986527
4438904987567831887
10475285576819785333
13497039312104280911
13724004440160426324
6003198631402911678
6437017946709915164
13240149104667365806
8510932008707350967
10497469488380444715
16264586227742211385
12183676430234646
18246807453755409582
12976570941297662192
9560777078160076468
1797056848434753646
12588725274441284528
17324800191197372665
18136259998722514789
6987892683978792440
6873930496674336033
6771443021367446753
10169523288360209948
10151612524098886444
14851835947819053816
1957976990549748770
12896087409354952751
3180382807719147261
5778078700798016174
17797470340040599882
18063563899014393503
12198653450637998013
12582880302017282062
17851424498217838848
4216528308288000
16789419659945550671
4179344454149341198
11767784880290922735
4208934530677668
67436877699064040
8909249952471464564
11594581263395997935
4212024850102607610
5255555487787249582
16067411836234498048
17270928537989369768
3640659343316
5739895964102033621
17857898426012097876
60083213742811136
6725029452431292349
12105734037020061343
17851688031242685780
12582863902070538292
960392621425617571
14912584458151936
16907445009052948303
12105690467018839413
6291385285331649359
10769602059075142046
238547026058919584
4728348319411421610
13736213341496713472
4731845738660984058
11601507338508954849
8429306856173876471
17068926489230528424
3816755946355524233
5740085675849685629
9406141769490721187
1908810913652623278
7612111721501271984
5165254559353515679
12083364158907938750
12582886899114528668
17851885535274657780
5736735899501254037
16713985034414458700
15390339274347046964
525851229395252465
16732225517257594079
8426760009267632641
10727536216067380446
6485699773748627692
10727044660992440014
5254632550103399342
8560813183360226677
4300562527959260082
15381303575407556576
1995830173323738426
17861548514259747332
13635452448156417024
13980325514367517511
18158571710872620496
14071221117641035097
995568253866037065
961895993466396659
5713220335068571517
11525640428494571832
16680573021974640032
14499553635405506987
3864107900714369355
12226107786416833609
4704857827539787944
4920527430068754135
11576731913558875163
6257640477398099381
15860388597289470338
7328790672620579855
5297006032825232418
17009997026096818886
3180372201683285703
12305764884788869389
17782270684305832778
17946251033443064479
4272328740810351302
6530133022508057518
7117556596817974074
265170126489527368
15220605589843138705
2614599998585235937
15605369537532963567
16852850970807597291
12317227852464100383
8713246556757572212
10673511576726355378
4212215017341174866
4445668302419254105
14146626507825999790
15805690685427556261
17270913280744945620
2280335403866454591
17857956671848321788
18032366810042115415
1367997684253428264
11914127172548886172
9955377394634158101
18346573548260063114
8076535743018319842
8613796467735612577
4603493886408360507
5521709471128583321
9384243217780769147
8978401952065558225
106831396544143138
10867712975513064880
6855142831038256233
1562918208279073725
15305895460381083462
15257429484055465817
5135988753810598751
10329366571471806918
3125321265092026522
2433853515630733686
16184390500863852457
7599316670249145688
4587452324075495659
10761508956033853994
6983839655502058182
3038377868460241504
10576416968718339037
3630146266837824314
14690060507306325519
3691540978333703716
17730496765194980036
16007104564414105334
14610925991421633379
14336705164761928494
7161608047002935602
10605467366514888557
7003693422132187256
1111806162661991359
15021913665920409775
16411052861095334565
11578682978916142819
15178582713288011977
10296190480618881138
12738726217057115257
32269689058218264
2051763262761749517
15066823666331723347
5480078817393653547
11985173958968955876
3975441880708570821
6045194501392478690
6829045493891268519
12817911941562163813
18421706967280734978
16313475268550757665
5981368050507418850
10169512293254463886
10151789216671077848
9335489331359473005
1574044754916706337
6732143155780368405
9809224508612117219
13264756229761668565
9431408526698566563
1573292646925664309
6026868534944921534
15022591908489274
17851793556890270976
12122015902665338741
4395514264779945813
17254801963719721018
17822214873036340480
16329658936845556
13618951127701583080
16497827779995897486
17647418974053657504
1049045056076635895
16978803549779435731
16066519793615730000
11588676039240319189
8453256504155662755
60083266618564608
7612137389593786288
11529273284495124693
17847971657075920212
12165700394399518621
960396261014698627
5736852527447517397
18051359317985616887
12165762339157955957
7203320504288343272
15381311105384725470
17647419168669545460
4314157845346246394
12967222181745393667
16067295358146501968
1014700250977536
15947249944126087554
6124896461788192979
16249812780023676985
11588863552842350197
16224112082246996
13724004483184073640
6725015655531263933
1993091014393310106
13240001999855774126
12365439172868046901
7615164758319268576
15113349439749376
9430741016480909059
18230585615374479182
505456418711274331
17243924546836162560
242014500823053300
16717376333601063975
3743846181396022102
4911122631427284401
240549907067419552
15974691996116913026
13520038127759459181
829461691113633124
247028881129189486
8459158337254964451
12713342601457300483
13610920359455582932
17583033068942338970
7697849318621370412
3142079705199458504
15576931557925031911
13315087529947119855
10369462554610351360
4679033016904196518
13619138305373900392
2424830020426545220
1038143727445140471
4054412723139043066
16426746458098729709
16067261835551313594
9434260629335796899
1061164427337700599
7828310124320257245
10734246101137860824
17644524622589461402
12166496399057143689
259764877112358184
14378137313129628172
13053931468603869986
9370985094113683875
5413925340139946888
7612076244428835930
254557610735019726
14725288256751339278
12019796273970158494
508500057222161547
1990307518262132378
2633424625653023349
13734519272354079988
9400538428310520193
16498052684236566574
9331908884869472087
12695353639685023071
16093441080475508958
7304675734166664735
16203506664406344751
8511694874380477963
7219259370959001699
2741403375315952229
15592521437146958881
11701986582925424495
14709222814022219822
3994655177625839965
13271703659247642837
2980737715374127402
2942394241638585888
17954169281690530825
15429443322669225342
17584789447128668660
15383773345923890500
6482063587441735006
9026609437607908171
8457424557151335607
15225451757921177129
13022084716087770554
1020474873920913465
9059628917921812471
9239581105849755049
1150553043432773295
16548773796352494162
1634773723722617241
743833985431807814
1268192823081962758
12053462246131847844
938513793604857091
5955059622969318878
3243536890230238965
11375543379482562640
7995326195468877571
15010581391549181057
4540579143346336663
12430415129957293802
12941021918898253381
16062784535489855690
7945900882099915433
13891924017827146677
5379916904631834076
16984678476168495585
1575203246979024803
135453268277770174
550385523713871093
13240155799867068820
10157279147051770388
10490151140541633067
16290685962315761977
10532589158965256557
664634031843739406
2408773270797820618
9731817149283545340
2506844390531369904
12753294244659532383
10065816825454578425
1323881041340619818
14625997638134360335
6641317864318668065
7570317383788853692
10169606219259565236
17995418553810038747
15326965797350038870
3448521864379661359
6725708762434850863
8948557146475138071
5778099682160129286
871433011746022429
13044302092076700426
11825640988790728638
15207015091222314319
12087185849530490558
9029546410866962241
11438757053026879470
17240246974961341818
5183241666723506435
15382623871185484176
16790391901239146407
8759770069985319926
8622021485056695541
15850022089202772883
2086581336336386281
12363307079069641639
5253735575603901446
12369052762261656355
17583930443562918810
10602527557648230323
11788991881083267285
12084264634071224250
12165807607094942839
10356770185505194784
11274590981379448224
14060503970827548665
15969805200991878548
4033341242561743111
9049089861907226883
5262334810342169972
11602290914387815243
2122554331927601339
16954648386406440285
16193651085586749117
15950910225816465208
6250415393713552157
12626103218112430132
18094621077749648037
14795349062417028
5378759732235160882
8828195794759452220
5562574487235595081
449326470290402169
813417514561400234
16967737578134758935
7902344988682916829
16579729984360408240
10654867889196756021
16478752315412633370
17020739989004448488
15499953349244297108
8280102246531239062
2275558664756520173
10130389848664191730
16496080922475281222
3671063421307235640
13494740159259306839
12481965422312632654
7734834715237304296
3552799455109662338
5181394972656605497
5080677314035306711
1817613464444438564
15048546742632722335
9810102432302392633
3431624603550177267
7293888937045056049
6337612347913548903
15722493134733773127
3776078111888114181
668564651020196452
145646921124626544
1901718886701946532
4643357822995519574
6243306128120004703
15588819510231327277
13861802997788772873
7074492052198096656
723275787159941640
9155905118755256049
3605296939307512658
8570695557971326129
3698271358012206328
3796905764198685761
12463907803171731144
2035984608140975587
3947519276086776775
15988667992151918904
15260411642824035429
9887867439899113565
893215176065302853
8673189892785807154
4703167169123839400
11471486208791792228
17125170449306803252
14584048520923276629
15867502435909891410
7301757718156887355
17677390796340324710
4988756837042882619
16818338801033449669
593283901997933310
10431897369160091309
7133172423579462094
9704431368430844828
16847537927367302683
8907176811274699370
2169503577738842315
173969199930728256
1210266392903700516
16087031936007240130
5774762035869820584
8773696686144441592
12009034554435379060
5546327112235318017
2266691027968971201
8863550060984782864
15114612307196799675
14992542991562046259
7690973864521903606
18100991844647928665
3311970380045520451
9464660474582168087
10251079448293080278
8221269429137985488
18218903617000299422
5751204320042028555
15825310501319719093
1012020982334918299
13309632847189822521
10275981574748782210
14715894680960880782
4504369081743713719
15028114095324638083
2717884628856912037
12358865531991136465
13305083111931373483
11011784769537573867
16693533217630047894
282325786481230000
14886126852975171448
9273189909998904619
1691163942122774207
11901656325227085400
6827440535305755917
18327399358113416158
11316721796233474086
9502149568590601861
12692966046671316601
6811114059504145061
2772363399057405929
15178569420471707815
8640668981885930789
12152695370078856975
947187103894637851
12037972876428775234
10167811908725227730
1099597118334362213
13894269927831774827
16313671889630606209
2768505628767664149
3711350613151726118
13264743822732514773
4190185306038033954
6184978710437686491
6783263182516320189
17067480368463280768
17851482748476145664
18050690364657907543
4611686256115792398
3987749702899597325
4183421841592515556
3865315494051072
8927532752476272040
13618889077033989120
8478042739663569115
17582116720611513248
61785216081465076
6026071452346177366
1077547059098123219
6293304922546955707
8922652195304456000
16553960366917504888
4557646462760364089
5726509068142411989
12121911740401244193
9283397503911074045
15573832447844219575
1800653677446829370
18066110831527901015
1529551204052926837
13211125344958216112
9328473218152626321
17847971449778713588
8687830382672039848
12966992867776361811
5740072424974248149
8454271250308883703
16777445063352271247
7275492911836624819
4724246286662107372
17848878033010747124
66675377044691688
16641930486896845304
11162236418647976161
16282888598277054157
16780851873656466651
16054697071645139176
17067492090147959808
11594533681815834043
17582316062391391136
5601206710433233421
15249443674316449795
4183269730855910366
12106607616742352513
8925843531123184960
7386273740696322103
15366281929518044820
15601342353145856
6238886811478635919
9223387110294689621
13082684338837914486
1681250050757942293
249396570720299520
15858858645310369318
16861718271017964813
7937239566280570733
6128647264955392559
3993942874502287269
16298502104768942035
5739192929483728257
10363714739769845256
11925943193984267638
2740699262981201765
8464000238419323659
6874127090526414465
3101774419260323862
7386298904214829751
13264953557006506785
18066028668390836247
6566658959050585484
9806404250391945097
13081969691513452700
2272371644498970491
17914202246008887125
539267947572902417
6293171599215427823
4184354231240351266
67408713432979360
16006620284769140736
6314110449251318261
58248166592244
18011380689164832087
5689172286579325789
961393980839356419
13500983438786645171
16718293432579256955
5526939230545171789
17472788793864326975
15370140730135282580
10322103026759366152
258105913772187764
17728650420229904270
11562114734168614347
1697415218170024257
2723373553009067861
15078557909035598287
9751763522965139640
4742276048351912994
17345855737702671193
16438965899354916686
7158980987853011448
5138256404717551695
18012165127819570623
13857397029510968337
3296509531664894449
17586999965647150182
5328097680502310900
11269954911337426766
5185032607219414729
12632070798890422836
8559498813944697887
15146886564319055441
1449982944766151263
14866709244328012108
5359054760643717120
16810821301592880549
16717365620622072363
8477324372754825435
11109201607940778853
61786142801830816
3127115126255605646
11790484673649419477
6309138066115087803
11877592340649262838
5601154944628211853
13760322877934380470
13875016119082841033
11940943065556084354
8343378345834503580
7386509072089349085
15968662550244855290
18148782529939520853
10230731659502739896
4419439578795295415
16264861391464163897
4807363810277812634
16877711747617170853
7609439212304734208
11936045446552993400
1729582086574185522
13724757368908033028
2031739347516192963
3171909595630463083
17925229114702770555
16747577708371856211
3565656059266334974
5427904081525737424
71560648340952340
563022886600602489
6130593658446786577
8320958520177403872
12687184579823963419
2873358740963481623
10167830913236848210
6347744296574971870
14867047505206821532
17284452267340608386
14023092357044899867
3711573092546525724
1160558961960128084
4187370798914666186
10255865127197939948
18359754119302455794
1795961680061999392
11669476622520220539
2963380630030612308
18121147307399987883
8598526462198823331
4803977655537610404
4153228902630661214
12584235607420274844
11267473591290315704
9844011457215150805
4879702125987628280
4239354019214621584
358152149806409709
8903828565661313676
16712075272753713592
16900904468440455061
1276828320011787490
10922766337684897100
2081311178353178475
9028813967216170949
8604972989511478025
6324647803770639959
12324439125835833657
1609859713234919277
16229165869789968645
6876356135499863615
8720530280653632812
1603111821180626973
13055006679595460518
7502332494711190972
12080379840031052718
8483892552471594015
6029940312368237690
14132159619716150524
5510801709134241307
17653142823492806564
16004533480496487144
7468330317774509717
15773922388164901915
15462307210118291136
8942758934453183443
16050838296799933928
7193373361954456072
17719427586023708736
9369795478877754235
6359243011343654064
15238921221918729559
2067328860960593547
11914123377449978216
1624415495620882677
5289512332363289464
8139570039969339362
15238150168757700843
15556238543515337636
9866112190356353691
14097488883317672129
8258241658318904690
630906770436652180
6733519144968378699
18200209211276031096
15657861917401948213
8392699936505884241
2321007947405510320
7949406150507434971
14317027963089509980
1430817426485900254
16022718355820602534
8349340989406294046
7252532285345368571
12690598435043198651
719415709648009250
14320153480703840240
13268287367407709985
1148457140067295129
12619500532623730860
16112159730362096838
16765940563124505405
2073442858147937451
5421764939776269024
8983282793246688619
1936645719588049942
390638425684694771
10670872321445602114
15488811655821626990
2540643229545607848
10263159510098382648
3650332490100856942
1096775323150677167
6372258622848651480
8408168074975080003
5825594608075320244
7945408210336717709
12372680770639918895
11208699122380590281
8588287853385238917
5533187029432906215
5297681982697498298
12819403871800673063
16625867344624362926
4838865073774774644
2715217342241933501
14516314947629138997
9853067586845014909
14138435284244509296
18121708861965801569
3634551239043823088
1756731191059857484
13110252020070647870
13856494719134588865
9817310487507079795
16123330398169070040
10552813509795637187
18003227367253221825
16700394298340123494
2432372210598373752
11774167998027522659
7599881418614719396
16313057388138396831
4874175713354981614
18203369515363756582
2372955455868561840
7649046112404916038
16839093453280115207
5135895753515826789
18016579383906474949
9107790394308288673
2001135217076968824
16186330262756841363
11347037890361760684
15534015844796645432
1994079511759281556
13850904069035278841
15966628754853093984
4753987434849377960
7088910036746735748
2209294414363031099
10413550451018919583
17742941658325983108
7971090000834106101
2271048495424798215
10589505330303864929
18304843372408910922
1180392477459085368
12991334580152214812
17886108201900444549
11897518505517284952
830349524916315766
9104041105585239139
2771673600437695315
8386664249531912305
12921901899295235193
5796678200494019574
2051867178935558119
6050230544382730224
11522220640024805982
11524810687545477098
4782477591619827236
570483764750388237
17736322174986577274
868620119346334949
7312268325925119667
5540865044462726553
7400421811149638895
7897519948742885939
10155442896585448290
9382050648928945827
6584863017077868588
478376103873760453
9812338964146005299
5532009846240133967
11903888215983579682
4850281012888248550
16294593689908770153
11594048253478094245
8460377786760583671
14241921724432023976
6482844259553776870
9342966006379578177
1506117638779660609
234584556384058908
