15794958910470151336
6942284478600096388
10524034313507270061
14125964327283208991
2958539108844474554
8348499985719627706
10270193491606910600
3119922458757021897
13114952362629969155
14084937175885195900
18216128741097508761
11107890237361648631
13834214398592871037
30223590341019627
12999203290934520758
5626528028013791449
2950251514439409313
15464319762082366023
14830935759412337967
16632980925392525529
9937669489420260438
6633982820064721125
6395818154531964565
8596580864516886622
2577748690412235523
18897786288675902
10754548084071786101
14537787776669006517
667921297235537999
13009361046539932415
210801465293562796
2296502514885001840
6148771667408222239
13235623549814599121
4142080751862310335
10076455969446458741
16240037671173697206
1041797777050641829
7563877438421618072
12333293274853493067
10109642746854087054
5800730597687642612
4828445065813376564
1855026144115787638
17769306247410320740
16079103825619700606
14091876046791212616
10701468266406938719
7599291924151353344
858245582338976133
1586206243936547124
2427520331376600238
194682647117538326
17338282274755116281
11580781385125097437
8494458128631874537
16057516324928734874
8779176605095917189
6172448280323523780
13658848893991489908
11583802266825684911
17816542791227253489
5211763033861818498
16897418146855262375
14091876570184259739
13883858344999279245
3945256740531449903
9133946009488927866
4526105616651273038
17588604267898548098
10654725049025744200
1810466544297838261
5684575955926565117
16825536655248419794
16675345954416284999
11785517142787519947
5261878513137442455
6686987737250990064
16039044846786781315
15277824602323783698
13499072094636309220
8735119869165315373
7640670641548479119
14878935745502713776
9692018061580447162
9994577141186133743
7724552905876555192
13344392318847765093
18334864859064582677
10072918379734379194
15276947042521268437
6865916359167253113
8386909369548558235
3278270551266136285
1875224287395256596
16542747362576462390
908458827393846137
16565739776772040462
1343626470176178731
3434307808347590642
8267181635313303111
4607718045247600540
14754801468625054112
9768859645471304037
9164357265535394485
4739070099904133332
12630599667812109939
2061188330461041195
13160063376461943818
5206135216076138190
1420726641369913546
11479454794742180138
3445208985090744055
7070255033616692668
6473016961100680828
2499780392740638000
14941244170323462278
4423659981310071381
5985983571332428851
6172295601375701400
14098708136444658510
17573024428806353824
316058555791164756
5226073412369484973
2816246724203309946
17454182845431267900
16412824094694421720
15345125188671675319
