57243860992
960392620536758275
55552000
932007903232000
12105675798371947893
916796211200
15381288063284019252
888651424
14909096889155584
13735978863480886272
14654442389504
6053072370040570703
4611686032648713466
238594250768384000
3817504371652261213
234700053894400
8457011697855509751
6124895720718593915
3816728045493551117
17256643683144695808
3751533673975124
57244077992
960396261192630275
5739837725139249365
932011484467200
12165758954869151093
5764608439831820222
15381311117571653684
17851881895692317684
14909051053856064
12966990143009149955
15366296583077029940
6053852646228001615
16732273957472362895
9461967028863457109
16253452947375355241
6293170754580179183
8460470297302916855
16784770533801638779
16066504514951839744
13509648792948835151
14221315412
238594080471252992
960392620550747475
234699885619200
8454188508477666551
12105676025866646901
3816728620908412941
8463759035866546401
3751537460887200
63533899116138408
13735982504139665024
5739901146732249301
12574284634054286872
4671769235473380602
6780447642992572349
3817562610274537143
17851488332846422100
1060412274147079415
6364712400875207544
3816713528449280013
13508729223494501199
12109427346267232289
238594951499435944
15573820588023969127
5740072425311704693
8459932831638185207
1618328717622452597
7275480679330199475
2411028578083013550
13237192026415400718
265184092985989864
9731860546150259678
11162432105517792737
15843326754552802031
13682375382127349492
16928819957276582117
1077490200427236995
11593793824352168175
1045856460790600031
16784766902005002107
10475300094560829653
17256643686502322176
60083156497206612
5764607580281567166
960450859196481539
17851881894859220308
931996427670848
11913147830203635062
15366282845397952564
15381516384634306612
12120587925712235477
9238280778156955477
7770219361768133684
6292950709623258607
6067513072014846287
18297980053023449338
16811837769935486989
6988038509533689362
3801518822085888
