10376293541461625987
4323455642275679715
7782220156096221027
1729382256910274756
5188146770730816068
17582052945254421412
2594073385365411109
14987979559889016453
6150
12393906174523611494
15852670688344152806
9799832789158206535
13258597302978747847
7205759403792801575
10664523917613342888
4611686018427396616
8070450532247937928
2017612633061991657
5476377146882532969
17870283321406138313
2882303761517128010
15276209936040733354
288230376151723051
12682136550675328395
16140901064495869707
10088063165309923436
13546827679130464748
7493989779944518476
10952754293765059789
4899916394579113517
8358680908399654829
2305843009213708558
5764607523034249870
18158513697557855214
3170534137668844911
15564440312192450255
576460752303439952
12970366926827045296
16429131440647586608
10376293541461640337
13835058055282181649
7782220156096235377
11240984669916776690
5188146770730830418
8646911284551371730
2594073385365425459
6052837899185966771
20500
3458764513820561812
15852670688344167156
864691128455156853
13258597302978762197
16717361816799303509
10664523917613357238
14123288431433898550
8070450532247952278
11529215046068493591
5476377146882547319
8935141660703088631
2882303761517142360
6341068275337683672
288230376151737401
3746994889972278713
16140901064495884057
53739520000
59650867200
66099609600
72010956800
78459699200
84371046400
90819788800
96731136000
103179878400
109091225600
115539968000
121451315200
127900057600
133811404800
140260147200
146171494400
152620236800
158531584000
164980326400
170891673600
177340416000
183251763200
189700505600
195611852800
202060595200
207971942400
214420684800
220332032000
226780774400
232692121600
239140864000
245052211200
251500953600
257412300800
263861043200
269772390400
276221132800
282132480000
288581222400
294492569600
300941312000
306852659200
313301401600
319212748800
325661491200
331572838400
338021580800
343932928000
350381670400
356293017600
362741760000
368653107200
375101849600
381013196800
387461939200
393373286400
399822028800
405733376000
412182118400
418093465600
424542208000
430453555200
436902297600
442813644800
