0.062035
0.870347
0.019646
0.012408
0.115046
0.661283
0.177117
0.235687
0.172967
0.073580
0.114832
0.027465
0.179040
0.040125
0.235957
0.781566
0.176842
0.253440
0.110468
0.549596
0.016686
0.023075
0.122187
0.204137
0.021080
0.092492
0.172967
0.277061
0.178826
0.469905
0.024514
0.168472
0.060418
0.994599
0.173211
0.889404
0.145531
0.952520
0.177270
0.433232
0.061791
0.384251
0.173211
0.545190
0.059685
0.729212
0.175408
0.237226
0.047875
0.271293
0.030785
0.721623
0.187035
0.030904
0.028405
0.889580
0.180783
0.874892
0.142205
0.839960
0.047966
0.953660
0.142205
0.062301
0.059689
0.347977
0.047875
0.174031
0.245722
0.216997
0.017662
0.779530
0.056023
0.691259
0.028435
0.046900
0.021080
0.489547
0.149529
0.442330
0.016716
0.114071
0.122675
0.267281
0.052330
0.110226
0.026970
0.475099
0.048424
0.980833
0.176842
0.913253
0.048454
0.844298
0.020622
0.083745
0.176873
0.305319
0.243281
0.806665
0.182733
0.890867
0.059685
0.382660
0.172967
0.833195
0.247187
0.318210
0.052361
0.712218
0.116816
0.433744
0.173211
0.985303
0.029168
0.327638
0.172967
0.093441
0.122675
0.126521
0.020592
0.790974
0.059689
0.389933
0.174920
0.004844
0.059685
0.688516
0.110377
0.396966
0.028435
0.301273
0.147088
0.469599
0.178765
0.361604
0.122187
0.438351
0.055767
0.272363
0.172936
0.782458
0.056023
0.439027
0.185418
0.108788
0.028435
0.063436
0.028343
0.461968
0.051872
0.648703
0.145623
0.408690
0.185418
0.816214
0.092310
0.406100
0.051872
0.408791
0.176766
0.095456
0.059689
0.291201
0.145531
0.028258
0.142205
0.142374
0.020866
0.957798
0.052361
0.044939
0.180932
0.778286
0.151482
0.357255
0.020561
0.008473
0.179040
0.302431
0.175408
0.211430
0.177544
0.147081
0.054314
0.192313
0.016686
0.073577
0.114375
0.203237
0.149499
0.990269
0.176781
0.310183
0.021080
0.040901
0.016716
0.498505
0.110377
0.845193
0.185418
0.114626
0.141625
0.037566
0.020592
0.226293
0.017601
0.117868
0.059838
0.998461
0.146111
0.096469
0.185071
0.235802
0.023033
0.268347
0.016716
0.754136
0.024498
0.946946
0.016716
0.173049
0.177331
0.088555
0.177102
0.066220
0.177361
0.622943
0.016716
0.880062
0.177117
0.906568
0.184930
0.486537
0.211939
0.103659
0.054314
0.028820
0.024422
0.182739
0.016716
0.037383
0.173211
0.023801
0.110377
0.002665
0.124781
0.711883
0.019646
0.661808
0.062127
0.811935
0.183221
0.624136
0.058220
0.745907
0.122187
0.426757
0.122675
0.194547
0.059689
0.016373
0.028435
0.073329
0.153909
0.813170
0.020622
0.187212
0.028679
0.886800
0.172967
0.220734
0.173669
0.503666
0.172967
0.195466
0.176873
0.909647
0.173211
0.804061
0.016716
0.474100
0.028420
0.436232
0.051842
0.636499
0.172875
0.823628
0.149438
0.302566
0.149941
0.270923
0.047970
0.663617
0.056252
0.699981
0.187035
0.818036
0.028435
0.164884
0.053826
0.505674
0.172936
0.072236
0.020592
0.569318
0.177086
0.175017
0.024773
0.925350
0.122675
0.975227
0.245722
0.295206
0.180779
0.369626
0.020592
0.105250
0.122126
0.503854
0.019066
0.729719
0.020622
0.183945
0.176873
0.967374
0.052315
0.769495
0.024529
0.966826
0.055783
0.379683
0.182736
0.416118
0.176873
0.173079
0.239283
0.260671
0.027458
0.096159
0.020622
0.794521
0.249140
0.492083
0.052849
0.284655
0.123636
0.414062
0.150002
0.918775
0.122187
0.306753
0.172967
0.839729
0.151391
0.762203
0.243281
0.053675
0.176873
0.253803
0.181176
0.604292
0.017113
0.986637
0.016716
0.138846
0.122675
0.399923
0.020866
0.942454
0.243251
0.774871
0.180688
0.318052
0.174920
0.110305
0.021111
0.420840
0.016624
0.545973
0.058617
0.419531
0.052345
0.686880
0.051842
0.385425
0.172936
0.947969
0.056252
0.626973
0.176873
0.165592
0.173211
0.231061
0.172936
0.970557
0.018669
0.045844
0.173669
0.423530
0.028923
0.323103
0.021599
0.368063
0.243220
0.213340
0.051842
0.880918
0.177579
0.048531
0.059685
0.809750
0.048424
0.479128
0.177361
0.780602
0.247126
0.799680
0.176873
0.179517
0.060418
0.328380
0.028405
0.141177
0.020592
0.826268
0.149987
0.212267
0.172967
0.264876
0.241328
0.086223
0.177331
0.782481
0.182733
0.383471
0.020622
0.933566
0.018150
0.063821
0.122675
0.368432
0.050163
0.882030
0.142174
0.086172
0.021324
0.104255
0.059838
0.305501
0.024773
0.827924
0.179040
0.173623
0.026238
0.491578
0.172936
0.211117
0.047875
0.317268
0.177102
0.795513
0.016716
0.794424
0.172967
0.238671
0.176873
0.387697
0.247126
0.024704
0.177849
0.139813
0.059685
0.698034
0.172936
0.126604
0.020622
0.251379
0.180718
0.415727
0.172967
0.706790
0.028649
0.466213
0.141625
0.423334
0.052269
0.185926
0.022545
0.099758
0.124567
0.326624
0.028435
0.345341
0.245722
0.565623
0.055783
0.928996
0.174920
0.355555
0.155785
0.220558
0.052361
0.142107
0.020622
0.707441
0.239772
0.187801
0.145867
0.471337
0.186643
0.495016
0.020592
0.310907
0.016716
0.133655
0.172967
0.053247
0.054039
0.009553
0.048454
0.268304
0.172967
0.610670
0.172967
0.609888
0.020561
0.027132
0.150018
0.177331
0.249629
0.857063
0.124598
0.995183
0.114313
0.917172
0.141961
0.003925
0.016716
0.427842
0.180783
0.302342
0.020622
0.729387
0.172967
0.402496
0.245234
0.795494
0.030846
0.070821
0.060173
0.211173
0.017357
0.251915
0.093103
0.146482
0.020622
0.286379
0.021355
0.455666
0.052361
0.970044
0.059685
0.250942
0.245616
0.766008
0.028923
0.372507
0.016686
0.343321
0.122187
0.712852
0.178795
0.393049
0.059689
0.587921
0.122187
0.811770
0.120234
0.169064
0.180779
0.032733
0.051872
0.264013
0.172967
0.190177
0.054039
0.489641
0.016869
0.071169
0.060173
0.236714
0.245143
0.047750
0.146020
0.529281
0.249110
0.803608
0.084589
0.847766
0.172967
0.236502
0.020622
0.235949
0.016655
0.435194
0.176873
0.817472
0.180749
0.124080
0.174920
0.793758
0.176873
0.531758
0.178826
0.488617
0.245692
0.418157
0.176842
0.121538
0.177102
0.121046
0.174889
0.221961
0.017448
0.440267
0.048424
0.729625
0.249140
0.937078
0.048393
0.279942
0.180779
0.290421
0.052117
0.986847
0.050591
0.949211
0.055779
0.473219
0.020622
0.223260
0.176785
0.437417
0.174920
0.004820
0.153409
0.094433
0.245234
0.799485
0.150002
0.612759
0.185178
0.221811
0.184625
0.494116
0.017098
0.967626
0.016716
0.302214
0.247126
0.700664
0.176873
0.809996
0.054283
0.538489
0.024681
0.442566
0.172967
0.340985
0.016716
0.433939
0.028420
0.189588
0.155877
0.183136
0.147545
0.322644
0.185418
0.366578
0.175164
0.866073
0.029168
0.040909
0.024529
0.908777
0.173440
0.587218
0.141716
0.308779
0.177575
0.261373
0.173211
0.586491
0.021111
0.400880
0.016960
0.637879
0.178826
0.151326
0.149911
0.779334
0.021111
0.772501
0.016716
0.473352
0.172936
0.928238
0.090937
0.235518
0.024437
0.387100
0.085566
0.404928
0.177025
0.867550
0.052361
0.238262
0.174920
0.355489
0.020561
0.104820
0.085566
0.870761
0.173211
0.820632
0.243281
0.106913
0.026390
0.058826
0.059685
0.102053
0.180688
0.098252
0.031029
0.881710
0.016869
0.723827
0.028435
0.800946
0.177605
0.758976
0.057457
0.080133
0.146111
0.935592
0.016716
0.199368
0.146020
0.087756
0.122126
0.014644
0.172936
0.217502
0.055783
0.535668
0.052330
0.779226
0.030632
0.862602
0.055783
0.207091
0.016716
0.634199
0.028435
0.222517
0.122095
0.817698
0.047875
0.900057
0.049919
0.608332
0.055779
0.722281
0.054558
0.879820
0.172967
0.264627
0.180932
0.203869
0.239345
0.189709
0.055783
0.881976
0.050408
0.882033
0.110468
0.354204
0.024773
0.231447
0.060906
0.123528
0.061303
0.981552
0.247187
0.438346
0.124384
0.932859
0.059685
0.706086
0.016716
0.194818
0.177102
0.765782
0.024529
0.894799
0.058220
0.889673
0.056271
0.317195
0.028435
0.437157
0.149911
0.349198
0.172936
0.969480
0.020622
0.133941
0.176842
0.310529
0.177117
0.523932
0.028435
0.726890
0.172906
0.217131
0.020592
0.394008
0.172967
0.223702
0.060173
0.100797
0.241816
0.046428
0.249110
0.238265
0.142113
0.042246
0.249140
0.816442
0.176842
0.402473
0.054039
0.327533
0.172875
0.906738
0.090937
0.444837
0.247187
0.036460
0.023033
0.313905
0.180779
0.881279
0.172967
0.034924
0.048424
0.608659
0.016686
0.597840
0.028435
0.472788
0.172967
0.800015
0.059838
0.306131
0.176842
0.454639
0.016686
0.900799
0.172967
0.794885
0.179040
0.509554
0.054314
0.117607
0.176842
0.973006
0.243220
0.592017
0.184655
0.839228
0.016686
0.355769
0.060173
0.073943
0.017113
0.472072
0.172967
0.020750
0.185326
0.189209
0.141625
0.836759
0.172967
0.363118
0.172967
0.214343
0.146111
0.369658
0.124048
0.292530
0.173928
0.238612
0.178795
0.172269
0.141869
0.635571
0.184594
0.355634
0.184838
0.908804
0.179070
0.867112
0.180779
0.487974
0.122095
0.920013
0.204188
0.694263
0.141961
0.123118
0.017418
0.802466
0.016716
0.996450
0.173211
0.482412
0.059685
0.754086
0.028405
0.488825
0.180779
0.773430
0.054314
0.196516
0.176873
0.353831
0.141716
0.993719
0.051872
0.325861
0.110377
0.250680
0.022514
0.165517
0.051842
0.728051
0.245661
0.360742
0.085566
0.108442
0.114375
0.175231
0.249140
0.728423
0.024529
0.904606
0.147515
0.245714
0.176842
0.419716
0.020287
0.944987
0.022972
0.953139
0.153924
0.826204
0.176873
0.210394
0.153863
0.200116
0.031029
0.463719
0.183221
0.531212
0.185635
0.636820
0.016716
0.971289
0.172967
0.856579
0.241816
0.493876
0.052853
0.346205
0.179070
0.210727
0.145867
0.361954
0.056267
0.879318
0.054497
0.890578
0.172936
0.566134
0.176873
0.466954
0.247187
0.840182
0.150002
0.623985
0.029106
0.869342
0.172906
0.493045
0.047875
0.711228
0.055767
0.310843
0.016716
0.321755
0.150262
0.101307
0.172906
0.348314
0.122095
0.177239
0.051842
0.732607
0.060173
0.212563
0.017387
0.244745
