0.062035
0.870347
0.019646
0.012408
0.115046
0.661283
0.177117
0.235687
0.172967
0.073580
0.114832
0.027465
0.179040
0.040125
0.235957
0.781566
0.176842
0.253440
0.110468
0.549596
0.016686
0.023075
0.122187
0.204137
0.021080
0.092492
0.172967
0.277061
0.178826
0.469905
0.024514
0.168472
0.060418
0.994599
0.173211
0.889404
0.145531
0.952520
0.177270
0.433232
0.061791
0.384251
0.173211
0.545190
0.059685
0.729212
0.175408
0.237226
0.047875
0.271293
0.030785
0.721623
0.187035
0.030904
0.028405
0.889580
0.180783
0.874892
0.142205
0.839960
0.047966
0.953660
0.142205
0.062301
0.059689
0.347977
0.047875
0.174031
0.245722
0.216997
0.017662
0.779530
0.056023
0.691259
0.028435
0.046900
0.021080
0.489547
0.149529
0.442330
0.016716
0.114071
0.122675
0.267281
0.052330
0.110226
0.026970
0.475099
0.048424
0.980833
0.176842
0.913253
0.048454
0.844298
0.020622
0.083745
0.176873
0.305319
0.243281
0.806665
0.182733
0.890867
0.059685
0.382660
0.172967
0.833195
0.247187
0.318210
0.052361
0.712218
0.116816
0.433744
0.173211
0.985303
0.029168
0.327638
0.172967
0.093441
0.122675
0.126521
0.020592
0.790974
0.059689
0.389933
0.174920
0.004844
0.059685
0.688516
