18029339238521653764
8874767952160236056
17628549985344538026
2965438688573317396
8325452853333594374
9647890046858324027
8592266612349962228
1916815073993501313
6904599609858161987
4089036264428283688
10891410933018606522
17545617635189176584
10908486649655574212
921353380510659208
16368551624538403616
8095884756278840234
6380334869759389514
705040671898615100
399968390783443275
18311416455999523433
6854001880831472239
11674929646879976206
17680167681450502561
10956205368955661062
996070404658138783
13282440182457896013
16783601237401841781
6630709103459382631
891233075298623205
2486899553586704532
2454068758661951411
17118015936020347841
14795647822223929081
14169204770888643442
501299715600988032
1246253339305046251
9337464624070920991
16074887764095270599
4554678035007928772
3084769859438641908
5810091365253138430
8800280203694180253
17256149369529525443
13034614163343132669
1589452435338673787
10175210945999004317
3518026570339933149
13504545276277923706
11474553836595078224
15362943234225274283
9392721963557389013
14129925395376436686
12091469127343774873
5513404115499653096
11877010079062789035
7062175268816427307
8002876558952812089
6446407396459146730
17649441047192859492
5175239860199773157
15736632945131438731
11804134281385373883
9102006427406957748
2571474501747186082
12796137707193317579
7086052027369555230
13236899828164254505
10835045110271421448
10906662669577819591
16068493982246590701
2139888365464130597
3719009149741071636
7536115890229153892
14508638907580874695
9745466740320837657
14219147484918487011
1462825683700279752
12323784282079431860
472479870133249806
6456241146928499615
12693873510733979858
3284840278869777
402759284967758712
13809041693591334458
3404923258952564792
16486568095455480126
11652604605802426458
2723493821742334631
7041665975443619041
4431507062947036757
3113402811701072954
7864379798726594655
3566916347259572577
15904483463733747718
16965326926644366620
8733391179033896815
2496744757594501818
4672591564265562964
6851020375314091861
5084837210397798482
