10376293541461625987
4323455642275679715
7782220156096221027
1729382256910274756
5188146770730816068
17582052945254421412
2594073385365411109
14987979559889016453
6150
12393906174523611494
15852670688344152806
9799832789158206535
13258597302978747847
7205759403792801575
10664523917613342888
4611686018427396616
8070450532247937928
2017612633061991657
5476377146882532969
17870283321406138313
2882303761517128010
15276209936040733354
288230376151723051
12682136550675328395
16140901064495869707
10088063165309923436
13546827679130464748
7493989779944518476
10952754293765059789
4899916394579113517
8358680908399654829
2305843009213708558
5764607523034249870
18158513697557855214
3170534137668844911
15564440312192450255
576460752303439952
12970366926827045296
16429131440647586608
10376293541461640337
13835058055282181649
7782220156096235377
11240984669916776690
5188146770730830418
8646911284551371730
2594073385365425459
6052837899185966771
20500
3458764513820561812
15852670688344167156
864691128455156853
13258597302978762197
16717361816799303509
10664523917613357238
14123288431433898550
8070450532247952278
11529215046068493591
5476377146882547319
8935141660703088631
2882303761517142360
6341068275337683672
288230376151737401
3746994889972278713
16140901064495884057
1152921504606873754
13546827679130479098
17005592192951020410
10952754293765074139
14411518807585615451
8358680908399669179
11817445422220210492
5764607523034264220
9223372036854805533
3170534137668859261
6629298651489400573
576460752303454302
4035225266123995614
16429131440647600958
1441151880758590655
13835058055282195999
17293822569102737311
11240984669916790976
14699749183737332288
8646911284551386080
12105675798371927393
6052837899185981057
9511602413006522370
3458764513820576162
6917529027641117474
864691128455171139
4323455642275712451
16717361816799317859
1729382256910307556
14123288431433912836
17582052945254454148
11529215046068507941
14987979559889049253
8935141660703102917
12393906174523644230
6341068275337698022
9799832789158239335
3746994889972292999
7205759403792834311
1152921504606888104
4611686018427429416
17005592192951034696
2017612633062024393
14411518807585629801
17870283321406171113
11817445422220224778
15276209936040766090
9223372036854819883
12682136550675361195
6629298651489414859
10088063165309956172
4035225266124009964
7493989779944551276
1441151880758604941
4899916394579146253
17293822569102751661
2305843009213741358
14699749183737346638
18158513697557887950
12105675798371941743
15564440312192483055
9511602413006536720
12970366926827078032
6917529027641131824
10376293541461673137
4323455642275726801
7782220156096268113
1729382256910321906
5188146770730863218
17582052945254468498
2594073385365458195
14987979559889063603
53300
12393906174523658580
15852670688344199892
9799832789158253685
13258597302978794997
7205759403792848661
10664523917613389974
4611686018427443766
8070450532247985078
2017612633062038743
5476377146882580055
17870283321406185463
2882303761517175160
15276209936040780440
288230376151770137
12682136550675375545
16140901064495916857
10088063165309970522
13546827679130511834
7493989779944565626
10952754293765106939
4899916394579160603
8358680908399701915
2305843009213755708
5764607523034297020
18158513697557902300
3170534137668891997
15564440312192497405
576460752303487102
12970366926827092382
16429131440647633694
10376293541461687487
13835058055282228799
7782220156096282463
11240984669916823712
5188146770730877440
8646911284551418752
2594073385365472609
6052837899186013921
67650
3458764513820608962
15852670688344214178
864691128455203875
13258597302978809219
16717361816799350531
10664523917613404388
14123288431433945700
8070450532247999428
11529215046068540741
5476377146882594341
8935141660703135653
2882303761517189382
6341068275337730694
288230376151784551
3746994889972325863
16140901064495931207
1152921504606920904
13546827679130526120
17005592192951067432
10952754293765121161
14411518807585662473
8358680908399716329
11817445422220257642
5764607523034311370
9223372036854852683
3170534137668906283
6629298651489447595
576460752303501324
4035225266124042636
16429131440647648108
1441151880758637805
13835058055282243149
17293822569102784461
11240984669916838062
14699749183737379374
8646911284551433102
12105675798371974415
6052837899186028271
9511602413006569584
3458764513820623312
6917529027641164624
864691128455218225
4323455642275759537
16717361816799364881
1729382256910354578
14123288431433960050
17582052945254501362
11529215046068555091
14987979559889096403
8935141660703150003
12393906174523691316
6341068275337745044
9799832789158286357
3746994889972340213
7205759403792881525
1152921504606935254
4611686018427476566
17005592192951081782
2017612633062071479
14411518807585676823
17870283321406218135
11817445422220271992
15276209936040813304
9223372036854867033
12682136550675408345
6629298651489461945
10088063165310003258
4035225266124056986
7493989779944598298
1441151880758652155
4899916394579193467
17293822569102798811
2305843009213788508
14699749183737393724
18158513697557935036
12105675798371988765
15564440312192530077
9511602413006583934
12970366926827125246
6917529027641178974
10376293541461720287
4323455642275773887
7782220156096315199
1729382256910368928
5188146770730910240
17582052945254515648
2594073385365505345
14987979559889110753
100450
12393906174523705602
15852670688344246914
9799832789158300707
13258597302978842019
7205759403792895811
10664523917613437124
4611686018427490916
8070450532248032228
2017612633062085765
5476377146882627077
17870283321406232485
2882303761517222182
15276209936040827590
288230376151817287
12682136550675422695
16140901064495964007
10088063165310017544
13546827679130558856
7493989779944612648
10952754293765153961
4899916394579207753
8358680908399749065
2305843009213802858
5764607523034344170
18158513697557949322
3170534137668939019
15564440312192544427
576460752303534124
12970366926827139532
16429131440647680844
10376293541461734637
13835058055282275949
7782220156096329485
11240984669916870798
5188146770730924590
8646911284551465902
2594073385365519695
6052837899186061007
114800
3458764513820656112
15852670688344261264
864691128455250961
13258597302978856369
16717361816799397681
10664523917613451474
14123288431433992786
8070450532248046578
11529215046068587891
5476377146882641427
8935141660703182739
2882303761517236532
6341068275337777844
288230376151831637
3746994889972372949
16140901064495978357
1152921504606968054
13546827679130573206
17005592192951114518
10952754293765168311
14411518807585709623
8358680908399763415
11817445422220304728
5764607523034358520
9223372036854899833
3170534137668953369
6629298651489494681
576460752303548474
4035225266124089786
16429131440647695194
1441151880758684891
13835058055282290299
17293822569102831611
11240984669916885148
14699749183737426460
8646911284551480252
12105675798372021565
6052837899186075357
9511602413006616670
3458764513820670462
6917529027641211774
864691128455265311
4323455642275806623
16717361816799412031
1729382256910401600
14123288431434007200
17582052945254548256
11529215046068602241
14987979559889143297
8935141660703197025
12393906174523738594
6341068275337792066
9799832789158333635
3746994889972387107
7205759403792928675
1152921504606982148
4611686018427523716
17005592192951129060
2017612633062118501
14411518807585724101
17870283321406265157
11817445422220319142
15276209936040860198
9223372036854914183
12682136550675455239
6629298651489508967
10088063165310050536
4035225266124104008
7493989779944645576
1441151880758699049
4899916394579240617
17293822569102845705
2305843009213835658
14699749183737441002
18158513697557982058
12105675798372036043
15564440312192577099
9511602413006631084
12970366926827172140
6917529027641226124
10376293541461767181
4323455642275820909
7782220156096362477
1729382256910415950
5188146770730957518
17582052945254562606
2594073385365552559
14987979559889157647
147600
12393906174523752944
15852670688344294000
9799832789158347985
13258597302978889041
7205759403792943025
10664523917613484082
4611686018427538066
8070450532248079122
2017612633062132851
5476377146882674419
17870283321406279507
2882303761517269460
15276209936040874548
288230376151864501
12682136550675469589
16140901064496011157
10088063165310064886
13546827679130605942
7493989779944659926
10952754293765200983
4899916394579254967
8358680908399796023
2305843009213850008
5764607523034391064
18158513697557996408
3170534137668986361
15564440312192591449
576460752303581402
12970366926827186490
16429131440647728058
10376293541461781531
13835058055282323099
7782220156096376827
11240984669916917884
5188146770730971868
8646911284551512924
2594073385365566909
6052837899186107965
161950
3458764513820703006
15852670688344308350
864691128455298303
13258597302978903391
16717361816799444959
10664523917613498368
14123288431434039936
8070450532248093472
11529215046068635041
5476377146882688705
8935141660703229761
2882303761517283810
6341068275337824866
288230376151878787
3746994889972419843
16140901064496025507
1152921504607014948
13546827679130620228
17005592192951161796
10952754293765215333
14411518807585756901
8358680908399810309
11817445422220351878
5764607523034405414
9223372036854946983
3170534137669000647
6629298651489541703
576460752303595752
4035225266124136808
16429131440647742344
1441151880758731785
13835058055282337449
17293822569102878505
11240984669916932170
14699749183737473738
8646911284551527274
12105675798372068843
6052837899186122251
9511602413006663820
3458764513820717356
6917529027641258924
864691128455312589
4323455642275853645
16717361816799459309
1729382256910448750
14123288431434054286
17582052945254595342
11529215046068649391
14987979559889190447
8935141660703244111
12393906174523785680
6341068275337839216
9799832789158380785
3746994889972434193
7205759403792975761
1152921504607029298
4611686018427570866
17005592192951176146
2017612633062165587
14411518807585771251
17870283321406312307
11817445422220366228
15276209936040907284
9223372036854961333
12682136550675502389
6629298651489556053
10088063165310097622
4035225266124151158
7493989779944692726
1441151880758746135
4899916394579287703
17293822569102892855
2305843009213882808
14699749183737488088
18158513697558029144
12105675798372083193
15564440312192624249
9511602413006678170
12970366926827219226
6917529027641273274
53739520000
59650867200
66099609600
72010956800
78459699200
84371046400
90819788800
96731136000
103179878400
109091225600
115539968000
121451315200
127900057600
133811404800
140260147200
146171494400
152620236800
158531584000
164980326400
170891673600
177340416000
183251763200
189700505600
195611852800
202060595200
207971942400
214420684800
220332032000
226780774400
232692121600
239140864000
245052211200
251500953600
257412300800
263861043200
269772390400
276221132800
282132480000
288581222400
294492569600
300941312000
306852659200
313301401600
319212748800
325661491200
331572838400
338021580800
343932928000
350381670400
356293017600
362741760000
368653107200
375101849600
381013196800
387461939200
393373286400
399822028800
405733376000
412182118400
418093465600
424542208000
430453555200
436902297600
442813644800
449262387200
455173734400
461622476800
467533824000
473982566400
479893913600
486342656000
492254003200
498702745600
504614092800
511062835200
516974182400
523422924800
529334272000
535783014400
541694361600
548143104000
552980709376
559429451776
566414540800
572863283200
577700888576
584149630976
591134720000
597583462400
602421067776
608869810176
615854899200
622303641600
627141246976
633589989376
640575078400
647023820800
651861426176
658310168576
665295257600
671744000000
676581605376
683030347776
690015436800
696464179200
701301784576
707750526976
714735616000
721184358400
726021963776
732470706176
739455795200
745904537600
750742142976
757190885376
764175974400
770624716800
775462322176
781911064576
788896153600
795344896000
800182501376
806631243776
813616332800
820065075200
824902680576
831351422976
838336512000
844785254400
849622859776
856071602176
863056691200
869505433600
874343038976
880791781376
887776870400
894225612800
899063218176
905511960576
912497049600
918945792000
923783397376
930232139776
937217228800
943665971200
948503576576
954952318976
961937408000
968386150400
973223755776
979672498176
986657587200
993106329600
997943934976
1004392677376
1011377766400
1017826508800
1022664114176
1029112856576
1036097945600
1042546688000
1047384293376
1053833035776
1060818124800
1067266867200
1072104472576
1078553214976
1085538304000
1091987046400
1096824651776
1102199652352
1108110999552
1114559741952
1122618572800
1129067315200
1134978662400
1141427404800
1145191268352
1151640010752
1157551357952
1164000100352
1172058931200
1178507673600
1184419020800
1190867763200
1194631626752
1201080369152
1206991716352
1213440458752
1221499289600
1227948032000
1233859379200
1240308121600
1244071985152
1250520727552
1256432074752
1262880817152
1270939648000
1277388390400
1283299737600
1289748480000
1293512343552
1299961085952
1305872433152
1312321175552
1320380006400
1326828748800
1332740096000
1339188838400
1342952701952
1349401444352
1355312791552
1361761533952
1369820364800
1376269107200
1382180454400
1388629196800
1392393060352
1398841802752
1404753149952
1411201892352
1419260723200
1425709465600
1431620812800
1438069555200
1441833418752
1448282161152
1454193508352
1460642250752
1468701081600
1475149824000
1481061171200
1487509913600
1491273777152
1497722519552
1503633866752
1510082609152
1518141440000
1524590182400
1530501529600
1536950272000
1540714135552
1547162877952
1553074225152
1559522967552
1567581798400
1574030540800
1579941888000
1586390630400
1590154493952
1596603236352
1602514583552
1608963325952
1617022156800
1623470899200
1629382246400
1635830988800
1639594852352
1646043594752
1651954941952
1658403684352
1665388773376
1671837515776
1678822604800
1685271347200
1687961468928
1694410211328
1701395300352
1707844042752
1714829131776
1721277874176
1728262963200
1734711705600
1737401827328
1743850569728
1750835658752
1757284401152
1764269490176
1770718232576
1777703321600
1784152064000
1786842185728
1793290928128
1800276017152
1806724759552
1813709848576
1820158590976
1827143680000
1833592422400
1836282544128
1842731286528
1849716375552
1856165117952
1863150206976
1869598949376
1876584038400
1883032780800
1885722902528
1892171644928
1899156733952
1905605476352
1912590565376
1919039307776
1926024396800
1932473139200
1935163260928
1941612003328
1948597092352
1955045834752
1962030923776
1968479666176
1975464755200
1981913497600
1984603619328
1991052361728
1998037450752
2004486193152
2011471282176
2017920024576
2024905113600
2031353856000
2034043977728
2040492720128
2047477809152
2053926551552
2060911640576
2067360382976
2074345472000
2080794214400
2083484336128
2089933078528
2096918167552
2103366909952
2110351998976
2116800741376
2123785830400
2130234572800
2132924694528
2139373436928
2146358525952
2152807268352
2159792357376
2166241099776
2173226188800
2179674931200
2182365052928
2188813795328
2195798884352
2200100143104
2210306457600
2212460232704
2222666547200
2224820322304
2230731669504
2241475379200
2243091759104
2253835468800
2255451848704
2266195558400
2267811938304
2278555648000
2284466995200
2286620770304
2296827084800
2298980859904
2309187174400
2311340949504
2321547264000
2323701039104
2329612386304
2340356096000
2341972475904
2352716185600
2354332565504
2365076275200
2366692655104
2377436364800
2383347712000
2385501487104
2395707801600
2397861576704
2408067891200
2410221666304
2420427980800
2422581755904
2428493103104
2439236812800
2440853192704
2451596902400
2453213282304
2463956992000
2465573371904
2476317081600
2482228428800
2484382203904
2494588518400
2496742293504
2506948608000
2509102383104
2519308697600
2521462472704
2527373819904
2538117529600
2539733909504
2550477619200
2552093999104
2562837708800
2564454088704
2575197798400
2581109145600
2583262920704
2593469235200
2595623010304
2605829324800
2607983099904
2618189414400
2620343189504
2626254536704
2636998246400
2638614626304
2649358336000
2650974715904
2661718425600
2663334805504
2674078515200
2679989862400
2682143637504
2692349952000
2694503727104
2704710041600
2706863816704
2717070131200
2719223906304
2725135253504
2735878963200
2737495343104
2748239052800
2748781690880
2759525400576
2762215522304
2772959232000
2777796837376
2779950612480
2791230668800
2793384443904
2802517016576
2804670791680
2815950848000
2818104623104
2822942228480
2833685938176
2836376059904
2847119769600
2847662407680
2858406117376
2861096239104
2871839948800
2876677554176
2878831329280
2890111385600
2892265160704
2901397733376
2903551508480
2914831564800
2916985339904
2921822945280
2932566654976
2935256776704
2946000486400
2946543124480
2957286834176
2959976955904
2970720665600
2975558270976
2977712046080
2988992102400
2991145877504
3000278450176
3002432225280
3013712281600
3015866056704
3020703662080
3031447371776
3034137493504
3044881203200
3045423841280
3056167550976
3058857672704
3069601382400
3074438987776
3076592762880
3087872819200
3090026594304
3099159166976
3101312942080
3112592998400
3114746773504
3119584378880
3130328088576
3133018210304
3143761920000
3144304558080
3155048267776
3157738389504
3168482099200
3173319704576
3175473479680
3186753536000
3188907311104
3198039883776
3200193658880
3211473715200
